1 1800 2400 Porta_Nuova 1845 2245
2 1800 2400 Porta_Nuova 1845 2245
3 1800 2400 Porta_Nuova 1845 2245
4 1800 2400 Porta_Nuova 1845 2245
5 1800 2400 Porta_Nuova 1845 2245
1 1800 2400 Vittorio_Veneto 1845 2245
2 1800 2400 Vittorio_Veneto 1845 2245
3 1800 2400 Vittorio_Veneto 1845 2245
4 1800 2400 Vittorio_Veneto 1845 2245
5 1800 2400 Vittorio_Veneto 1845 2245
1 1800 2400 Bernini 1845 2245
2 1800 2400 Bernini 1845 2245
3 1800 2400 Bernini 1845 2245
4 1800 2400 Bernini 1845 2245
5 1800 2400 Bernini 1845 2245
